nodes=[
   0.00000000000       0.00000000000  ;
   1.00000000000       0.00000000000  ;
  0.125000000000       0.00000000000  ;
  0.250000000000       0.00000000000  ;
  0.375000000000       0.00000000000  ;
  0.500000000000       0.00000000000  ;
  0.625000000000       0.00000000000  ;
  0.750000000000       0.00000000000  ;
  0.875000000000       0.00000000000  ;
   1.00000000000       1.00000000000  ;
   1.00000000000      0.125000000000  ;
   1.00000000000      0.250000000000  ;
   1.00000000000      0.375000000000  ;
   1.00000000000      0.500000000000  ;
   1.00000000000      0.625000000000  ;
   1.00000000000      0.750000000000  ;
   1.00000000000      0.875000000000  ;
   0.00000000000       1.00000000000  ;
  0.875000000000       1.00000000000  ;
  0.750000000000       1.00000000000  ;
  0.625000000000       1.00000000000  ;
  0.500000000000       1.00000000000  ;
  0.375000000000       1.00000000000  ;
  0.250000000000       1.00000000000  ;
  0.125000000000       1.00000000000  ;
   0.00000000000      0.875000000000  ;
   0.00000000000      0.750000000000  ;
   0.00000000000      0.625000000000  ;
   0.00000000000      0.500000000000  ;
   0.00000000000      0.375000000000  ;
   0.00000000000      0.250000000000  ;
   0.00000000000      0.125000000000  ;
  0.125000000000      0.125000000000  ;
  0.125000000000      0.250000000000  ;
  0.125000000000      0.375000000000  ;
  0.125000000000      0.500000000000  ;
  0.125000000000      0.625000000000  ;
  0.125000000000      0.750000000000  ;
  0.125000000000      0.875000000000  ;
  0.250000000000      0.125000000000  ;
  0.250000000000      0.250000000000  ;
  0.250000000000      0.375000000000  ;
  0.250000000000      0.500000000000  ;
  0.250000000000      0.625000000000  ;
  0.250000000000      0.750000000000  ;
  0.250000000000      0.875000000000  ;
  0.375000000000      0.125000000000  ;
  0.375000000000      0.250000000000  ;
  0.375000000000      0.375000000000  ;
  0.375000000000      0.500000000000  ;
  0.375000000000      0.625000000000  ;
  0.375000000000      0.750000000000  ;
  0.375000000000      0.875000000000  ;
  0.500000000000      0.125000000000  ;
  0.500000000000      0.250000000000  ;
  0.500000000000      0.375000000000  ;
  0.500000000000      0.500000000000  ;
  0.500000000000      0.625000000000  ;
  0.500000000000      0.750000000000  ;
  0.500000000000      0.875000000000  ;
  0.625000000000      0.125000000000  ;
  0.625000000000      0.250000000000  ;
  0.625000000000      0.375000000000  ;
  0.625000000000      0.500000000000  ;
  0.625000000000      0.625000000000  ;
  0.625000000000      0.750000000000  ;
  0.625000000000      0.875000000000  ;
  0.750000000000      0.125000000000  ;
  0.750000000000      0.250000000000  ;
  0.750000000000      0.375000000000  ;
  0.750000000000      0.500000000000  ;
  0.750000000000      0.625000000000  ;
  0.750000000000      0.750000000000  ;
  0.750000000000      0.875000000000  ;
  0.875000000000      0.125000000000  ;
  0.875000000000      0.250000000000  ;
  0.875000000000      0.375000000000  ;
  0.875000000000      0.500000000000  ;
  0.875000000000      0.625000000000  ;
  0.875000000000      0.750000000000  ;
  0.875000000000      0.875000000000  ;
];
elem=[
   1     3    33    32 ;
   3     4    40    33 ;
   4     5    47    40 ;
   5     6    54    47 ;
   6     7    61    54 ;
   7     8    68    61 ;
   8     9    75    68 ;
   9     2    11    75 ;
  32    33    34    31 ;
  33    40    41    34 ;
  40    47    48    41 ;
  47    54    55    48 ;
  54    61    62    55 ;
  61    68    69    62 ;
  68    75    76    69 ;
  75    11    12    76 ;
  31    34    35    30 ;
  34    41    42    35 ;
  41    48    49    42 ;
  48    55    56    49 ;
  55    62    63    56 ;
  62    69    70    63 ;
  69    76    77    70 ;
  76    12    13    77 ;
  30    35    36    29 ;
  35    42    43    36 ;
  42    49    50    43 ;
  49    56    57    50 ;
  56    63    64    57 ;
  63    70    71    64 ;
  70    77    78    71 ;
  77    13    14    78 ;
  29    36    37    28 ;
  36    43    44    37 ;
  43    50    51    44 ;
  50    57    58    51 ;
  57    64    65    58 ;
  64    71    72    65 ;
  71    78    79    72 ;
  78    14    15    79 ;
  28    37    38    27 ;
  37    44    45    38 ;
  44    51    52    45 ;
  51    58    59    52 ;
  58    65    66    59 ;
  65    72    73    66 ;
  72    79    80    73 ;
  79    15    16    80 ;
  27    38    39    26 ;
  38    45    46    39 ;
  45    52    53    46 ;
  52    59    60    53 ;
  59    66    67    60 ;
  66    73    74    67 ;
  73    80    81    74 ;
  80    16    17    81 ;
  26    39    25    18 ;
  39    46    24    25 ;
  46    53    23    24 ;
  53    60    22    23 ;
  60    67    21    22 ;
  67    74    20    21 ;
  74    81    19    20 ;
  81    17    10    19 ;
];