%
% Coordinates
%
nodes = [
  0.00 , 0.00;
  0.50 , 0.00;
  1.00 , 0.00;
  0.00 , 0.50;
  0.50 , 0.50;
  1.00 , 0.50;
  0.00 , 1.00;
  0.50 , 1.00;
  1.00 , 1.00;
 ];
%
% Elements
%
elem = [
    1,   2,   5,  4 ;
    2,   3,   6,  5 ;
    4,   5,   8,  7 ;
    5,   6,   9,  8;
 ];
