nodes=[ 
0.00000000e+00 2.00000000e+00 ; 
0.00000000e+00 0.00000000e+00 ; 
0.00000000e+00 1.79999995e+00 ; 
0.00000000e+00 1.60000002e+00 ; 
0.00000000e+00 1.39999998e+00 ; 
0.00000000e+00 1.20000005e+00 ; 
0.00000000e+00 1.00000000e+00 ; 
0.00000000e+00 8.00000012e-01 ; 
0.00000000e+00 6.00000024e-01 ; 
0.00000000e+00 4.00000006e-01 ; 
0.00000000e+00 2.00000003e-01 ; 
5.00000000e+00 0.00000000e+00 ; 
2.50000000e-01 0.00000000e+00 ; 
5.00000000e-01 0.00000000e+00 ; 
7.50000000e-01 0.00000000e+00 ; 
1.00000000e+00 0.00000000e+00 ; 
1.25000000e+00 0.00000000e+00 ; 
1.50000000e+00 0.00000000e+00 ; 
1.75000000e+00 0.00000000e+00 ; 
2.00000000e+00 0.00000000e+00 ; 
2.25000000e+00 0.00000000e+00 ; 
2.50000000e+00 0.00000000e+00 ; 
2.75000000e+00 0.00000000e+00 ; 
3.00000000e+00 0.00000000e+00 ; 
3.25000000e+00 0.00000000e+00 ; 
3.50000000e+00 0.00000000e+00 ; 
3.75000000e+00 0.00000000e+00 ; 
4.00000000e+00 0.00000000e+00 ; 
4.25000000e+00 0.00000000e+00 ; 
4.50000000e+00 0.00000000e+00 ; 
4.75000000e+00 0.00000000e+00 ; 
5.00000000e+00 4.00000000e+00 ; 
5.00000000e+00 4.00000006e-01 ; 
5.00000000e+00 8.00000012e-01 ; 
5.00000000e+00 1.20000005e+00 ; 
5.00000000e+00 1.60000002e+00 ; 
5.00000000e+00 2.00000000e+00 ; 
5.00000000e+00 2.40000010e+00 ; 
5.00000000e+00 2.79999995e+00 ; 
5.00000000e+00 3.20000005e+00 ; 
5.00000000e+00 3.59999990e+00 ; 
4.75000000e+00 3.90000010e+00 ; 
4.50000000e+00 3.79999995e+00 ; 
4.25000000e+00 3.70000005e+00 ; 
4.00000000e+00 3.59999990e+00 ; 
3.75000000e+00 3.50000000e+00 ; 
3.50000000e+00 3.40000010e+00 ; 
3.25000000e+00 3.29999995e+00 ; 
3.00000000e+00 3.20000005e+00 ; 
2.75000000e+00 3.09999990e+00 ; 
2.50000000e+00 3.00000000e+00 ; 
2.25000000e+00 2.90000010e+00 ; 
2.00000000e+00 2.79999995e+00 ; 
1.75000000e+00 2.70000005e+00 ; 
1.50000000e+00 2.59999990e+00 ; 
1.25000000e+00 2.50000000e+00 ; 
1.00000000e+00 2.40000010e+00 ; 
7.50000000e-01 2.29999995e+00 ; 
5.00000000e-01 2.20000005e+00 ; 
2.50000000e-01 2.09999990e+00 ; 
2.50000000e-01 1.88999999e+00 ; 
5.00000000e-01 1.98000002e+00 ; 
7.50000000e-01 2.06999993e+00 ; 
1.00000000e+00 2.16000009e+00 ; 
1.25000000e+00 2.25000000e+00 ; 
1.50000000e+00 2.33999991e+00 ; 
1.75000000e+00 2.43000007e+00 ; 
2.00000000e+00 2.51999998e+00 ; 
2.25000000e+00 2.60999990e+00 ; 
2.50000000e+00 2.70000005e+00 ; 
2.75000000e+00 2.78999996e+00 ; 
3.00000000e+00 2.88000011e+00 ; 
3.25000000e+00 2.97000003e+00 ; 
3.50000000e+00 3.05999994e+00 ; 
3.75000000e+00 3.15000010e+00 ; 
4.00000000e+00 3.24000001e+00 ; 
4.25000000e+00 3.32999992e+00 ; 
4.50000000e+00 3.42000008e+00 ; 
4.75000000e+00 3.50999999e+00 ; 
2.50000000e-01 1.67999995e+00 ; 
5.00000000e-01 1.75999999e+00 ; 
7.50000000e-01 1.84000003e+00 ; 
1.00000000e+00 1.91999996e+00 ; 
1.25000000e+00 2.00000000e+00 ; 
1.50000000e+00 2.07999992e+00 ; 
1.75000000e+00 2.16000009e+00 ; 
2.00000000e+00 2.24000001e+00 ; 
2.25000000e+00 2.31999993e+00 ; 
2.50000000e+00 2.40000010e+00 ; 
2.75000000e+00 2.48000002e+00 ; 
3.00000000e+00 2.55999994e+00 ; 
3.25000000e+00 2.64000010e+00 ; 
3.50000000e+00 2.72000003e+00 ; 
3.75000000e+00 2.79999995e+00 ; 
4.00000000e+00 2.88000011e+00 ; 
4.25000000e+00 2.96000004e+00 ; 
4.50000000e+00 3.03999996e+00 ; 
4.75000000e+00 3.11999989e+00 ; 
2.50000000e-01 1.47000003e+00 ; 
5.00000000e-01 1.53999996e+00 ; 
7.50000000e-01 1.61000001e+00 ; 
1.00000000e+00 1.67999995e+00 ; 
1.25000000e+00 1.75000000e+00 ; 
1.50000000e+00 1.82000005e+00 ; 
1.75000000e+00 1.88999999e+00 ; 
2.00000000e+00 1.96000004e+00 ; 
2.25000000e+00 2.02999997e+00 ; 
2.50000000e+00 2.09999990e+00 ; 
2.75000000e+00 2.17000008e+00 ; 
3.00000000e+00 2.24000001e+00 ; 
3.25000000e+00 2.30999994e+00 ; 
3.50000000e+00 2.38000011e+00 ; 
3.75000000e+00 2.45000005e+00 ; 
4.00000000e+00 2.51999998e+00 ; 
4.25000000e+00 2.58999991e+00 ; 
4.50000000e+00 2.66000009e+00 ; 
4.75000000e+00 2.73000002e+00 ; 
2.50000000e-01 1.25999999e+00 ; 
5.00000000e-01 1.32000005e+00 ; 
7.50000000e-01 1.38000000e+00 ; 
1.00000000e+00 1.44000006e+00 ; 
1.25000000e+00 1.50000000e+00 ; 
1.50000000e+00 1.55999994e+00 ; 
1.75000000e+00 1.62000000e+00 ; 
2.00000000e+00 1.67999995e+00 ; 
2.25000000e+00 1.74000001e+00 ; 
2.50000000e+00 1.79999995e+00 ; 
2.75000000e+00 1.86000001e+00 ; 
3.00000000e+00 1.91999996e+00 ; 
3.25000000e+00 1.98000002e+00 ; 
3.50000000e+00 2.03999996e+00 ; 
3.75000000e+00 2.09999990e+00 ; 
4.00000000e+00 2.16000009e+00 ; 
4.25000000e+00 2.22000003e+00 ; 
4.50000000e+00 2.27999997e+00 ; 
4.75000000e+00 2.33999991e+00 ; 
2.50000000e-01 1.04999995e+00 ; 
5.00000000e-01 1.10000002e+00 ; 
7.50000000e-01 1.14999998e+00 ; 
1.00000000e+00 1.20000005e+00 ; 
1.25000000e+00 1.25000000e+00 ; 
1.50000000e+00 1.29999995e+00 ; 
1.75000000e+00 1.35000002e+00 ; 
2.00000000e+00 1.39999998e+00 ; 
2.25000000e+00 1.45000005e+00 ; 
2.50000000e+00 1.50000000e+00 ; 
2.75000000e+00 1.54999995e+00 ; 
3.00000000e+00 1.60000002e+00 ; 
3.25000000e+00 1.64999998e+00 ; 
3.50000000e+00 1.70000005e+00 ; 
3.75000000e+00 1.75000000e+00 ; 
4.00000000e+00 1.79999995e+00 ; 
4.25000000e+00 1.85000002e+00 ; 
4.50000000e+00 1.89999998e+00 ; 
4.75000000e+00 1.95000005e+00 ; 
2.50000000e-01 8.39999974e-01 ; 
5.00000000e-01 8.79999995e-01 ; 
7.50000000e-01 9.20000017e-01 ; 
1.00000000e+00 9.59999979e-01 ; 
1.25000000e+00 1.00000000e+00 ; 
1.50000000e+00 1.03999996e+00 ; 
1.75000000e+00 1.08000004e+00 ; 
2.00000000e+00 1.12000000e+00 ; 
2.25000000e+00 1.15999997e+00 ; 
2.50000000e+00 1.20000005e+00 ; 
2.75000000e+00 1.24000001e+00 ; 
3.00000000e+00 1.27999997e+00 ; 
3.25000000e+00 1.32000005e+00 ; 
3.50000000e+00 1.36000001e+00 ; 
3.75000000e+00 1.39999998e+00 ; 
4.00000000e+00 1.44000006e+00 ; 
4.25000000e+00 1.48000002e+00 ; 
4.50000000e+00 1.51999998e+00 ; 
4.75000000e+00 1.55999994e+00 ; 
2.50000000e-01 6.29999995e-01 ; 
5.00000000e-01 6.60000026e-01 ; 
7.50000000e-01 6.89999998e-01 ; 
1.00000000e+00 7.20000029e-01 ; 
1.25000000e+00 7.50000000e-01 ; 
1.50000000e+00 7.79999971e-01 ; 
1.75000000e+00 8.10000002e-01 ; 
2.00000000e+00 8.39999974e-01 ; 
2.25000000e+00 8.70000005e-01 ; 
2.50000000e+00 8.99999976e-01 ; 
2.75000000e+00 9.30000007e-01 ; 
3.00000000e+00 9.59999979e-01 ; 
3.25000000e+00 9.90000010e-01 ; 
3.50000000e+00 1.01999998e+00 ; 
3.75000000e+00 1.04999995e+00 ; 
4.00000000e+00 1.08000004e+00 ; 
4.25000000e+00 1.11000001e+00 ; 
4.50000000e+00 1.13999999e+00 ; 
4.75000000e+00 1.16999996e+00 ; 
2.50000000e-01 4.19999987e-01 ; 
5.00000000e-01 4.39999998e-01 ; 
7.50000000e-01 4.60000008e-01 ; 
1.00000000e+00 4.79999989e-01 ; 
1.25000000e+00 5.00000000e-01 ; 
1.50000000e+00 5.19999981e-01 ; 
1.75000000e+00 5.40000021e-01 ; 
2.00000000e+00 5.60000002e-01 ; 
2.25000000e+00 5.79999983e-01 ; 
2.50000000e+00 6.00000024e-01 ; 
2.75000000e+00 6.20000005e-01 ; 
3.00000000e+00 6.39999986e-01 ; 
3.25000000e+00 6.60000026e-01 ; 
3.50000000e+00 6.80000007e-01 ; 
3.75000000e+00 6.99999988e-01 ; 
4.00000000e+00 7.20000029e-01 ; 
4.25000000e+00 7.40000010e-01 ; 
4.50000000e+00 7.59999990e-01 ; 
4.75000000e+00 7.79999971e-01 ; 
2.50000000e-01 2.09999993e-01 ; 
5.00000000e-01 2.19999999e-01 ; 
7.50000000e-01 2.30000004e-01 ; 
1.00000000e+00 2.39999995e-01 ; 
1.25000000e+00 2.50000000e-01 ; 
1.50000000e+00 2.59999990e-01 ; 
1.75000000e+00 2.70000011e-01 ; 
2.00000000e+00 2.80000001e-01 ; 
2.25000000e+00 2.89999992e-01 ; 
2.50000000e+00 3.00000012e-01 ; 
2.75000000e+00 3.10000002e-01 ; 
3.00000000e+00 3.19999993e-01 ; 
3.25000000e+00 3.30000013e-01 ; 
3.50000000e+00 3.40000004e-01 ; 
3.75000000e+00 3.49999994e-01 ; 
4.00000000e+00 3.60000014e-01 ; 
4.25000000e+00 3.70000005e-01 ; 
4.50000000e+00 3.79999995e-01 ; 
4.75000000e+00 3.89999986e-01 ; 
]; 

