nodes=[
   0.00000000000       0.00000000000  ;
   1.00000000000       0.00000000000  ;
  0.250000000000       0.00000000000  ;
  0.500000000000       0.00000000000  ;
  0.750000000000       0.00000000000  ;
   1.00000000000       1.00000000000  ;
   1.00000000000      0.250000000000  ;
   1.00000000000      0.500000000000  ;
   1.00000000000      0.750000000000  ;
   0.00000000000       1.00000000000  ;
  0.750000000000       1.00000000000  ;
  0.500000000000       1.00000000000  ;
  0.250000000000       1.00000000000  ;
   0.00000000000      0.750000000000  ;
   0.00000000000      0.500000000000  ;
   0.00000000000      0.250000000000  ;
  0.250000000000      0.250000000000  ;
  0.250000000000      0.500000000000  ;
  0.250000000000      0.750000000000  ;
  0.500000000000      0.250000000000  ;
  0.500000000000      0.500000000000  ;
  0.500000000000      0.750000000000  ;
  0.750000000000      0.250000000000  ;
  0.750000000000      0.500000000000  ;
  0.750000000000      0.750000000000  ;
];

elem=[
     1     3    17    16 ;
     3     4    20    17 ;
     4     5    23    20 ;
     5     2     7    23 ;
    16    17    18    15 ;
    17    20    21    18 ;
    20    23    24    21 ;
    23     7     8    24 ;
    15    18    19    14 ;
    18    21    22    19 ;
    21    24    25    22 ;
    24     8     9    25 ;
    14    19    13    10 ;
    19    22    12    13 ;
    22    25    11    12 ;
    25     9     6    11 ;
];    